Read Memory Address 0xFF00005C = 0x003A113B
Read Memory Address 0xFF000164 = 0xF9C52BA9
Read Memory Address 0xFF000164 = 0xF9C592D5
parameter error!
Dump Memory: Address=0x7FFF010000, Size=0x1960
     00 01 02 03 04 05 06 07 08 09 0A 0B 0C 0D 0E 0F	0123456789ABCDEF
0000 00 00 00 00 00 00 00 00 00 00 00 00 00 00 00 00	................
0010 8C 07 00 00 07 07 0F 00 07 07 07 00 00 00 00 00	................
0020 0F 0F 00 00 07 07 07 00 19 18 0E 0E 0A 0D 00 00	................
0030 00 1F 50 00 00 00 00 00 00 00 00 00 17 00 00 80	..P.............
0040 00 00 00 80 80 1E B8 00 00 00 00 00 10 03 00 00	................
0050 00 00 00 00 00 00 00 00 00 00 00 00 00 00 00 00	................
0060 00 00 00 00 00 00 00 00 00 00 00 00 00 00 00 00	................
0070 00 00 00 00 00 00 00 00 00 00 00 00 00 00 00 00	................
0080 FF FF FF FF FF FF FF FF FF FF FF FF FF FF FF FF	................
0090 FF FF FF FF FF FF FF FF FF FF FF FF FF FF FF FF	................
00A0 FF FF FF FF FF FF FF FF FF FF FF FF FF FF FF FF	................
00B0 FF FF FF FF FF FF FF FF FF FF FF FF FF FF FF FF	................
00C0 FF FF FF FF FF FF FF FF FF FF FF FF FF FF FF FF	................
00D0 FF FF FF FF FF FF FF FF FF FF FF FF FF FF FF FF	................
00E0 FF FF FF FF FF FF FF FF FF FF FF FF FF FF FF FF	................
00F0 FF FF FF FF FF FF FF FF FF FF FF FF FF FF FF FF	................
0100 FF FF FF FF FF FF FF FF FF FF FF FF FF FF FF FF	................
0110 FF FF FF FF FF FF FF FF FF FF FF FF FF FF FF FF	................
0120 FF FF FF FF FF FF FF FF FF FF FF FF FF FF FF FF	................
0130 FF FF FF FF FF FF FF FF FF FF FF FF FF FF FF FF	................
0140 FF FF FF FF FF FF FF FF FF FF FF FF FF FF FF FF	................
0150 FF FF FF FF FF FF FF FF FF FF FF FF FF FF FF FF	................
0160 FF FF FF FF FF FF FF FF FF FF FF FF FF FF FF FF	................
0170 FF FF FF FF FF FF FF FF FF FF FF FF FF FF FF FF	................
0180 FF FF FF FF FF FF FF FF FF FF FF FF FF FF FF FF	................
0190 FF FF FF FF FF FF FF FF FF FF FF FF FF FF FF FF	................
01A0 FF FF FF FF FF FF FF FF FF FF FF FF FF FF FF FF	................
01B0 FF FF FF FF FF FF FF FF FF FF FF FF FF FF FF FF	................
01C0 FF FF FF FF FF FF FF FF FF FF FF FF FF FF FF FF	................
01D0 FF FF FF FF FF FF FF FF FF FF FF FF FF FF FF FF	................
01E0 FF FF FF FF FF FF FF FF FF FF FF FF FF FF FF FF	................
01F0 FF FF FF FF FF FF FF FF FF FF FF FF FF FF FF FF	................
0200 00 00 00 00 00 00 00 00 00 00 00 00 00 00 00 00	................
0210 00 00 00 00 00 00 00 00 00 00 00 00 03 00 00 00	................
0220 00 00 00 00 00 00 00 00 00 00 00 00 00 00 00 00	................
0230 00 00 00 00 00 00 00 00 00 00 00 00 00 00 00 00	................
0240 00 00 00 00 00 00 00 00 00 00 00 00 00 00 00 00	................
0250 00 00 00 00 00 00 00 00 00 00 00 00 00 00 00 00	................
0260 00 00 00 00 00 00 00 00 00 00 00 00 00 00 00 00	................
0270 00 00 00 00 00 00 00 00 00 00 00 00 00 00 00 00	................
0280 50 00 00 00 40 00 00 00 00 00 00 00 10 00 00 00	P...@...........
0290 0B 14 A0 10 FA 00 00 00 00 00 00 00 00 00 00 00	................
02A0 FA 00 7F 01 00 02 03 00 0A 01 01 00 00 00 00 00	................
02B0 0D 00 10 C8 FF 00 00 00 00 00 00 00 00 00 00 00	................
02C0 00 00 00 00 00 00 00 00 00 00 00 00 00 00 00 00	................
02D0 00 00 00 00 00 00 00 00 00 00 00 00 00 00 00 00	................
02E0 00 00 00 00 00 00 00 00 00 00 00 00 00 00 00 00	................
02F0 00 00 00 00 00 00 00 00 00 00 00 00 00 00 00 00	................
0300 60 34 05 01 00 0A 00 00 00 00 00 00 10 03 00 00	`4..............
0310 1C 10 78 00 00 00 00 00 00 00 00 00 00 27 00 00	..x..........'..
0320 00 00 00 00 00 00 00 00 00 00 00 00 00 00 00 00	................
0330 00 00 00 00 19 00 2C 00 44 84 00 00 04 22 02 00	......,.D...."..
0340 8C 08 80 01 E2 01 44 01 20 F0 21 18 33 04 72 02	......D. .!.3.r.
0350 00 00 00 00 00 00 00 00 00 08 00 60 00 00 00 00	...........`....
0360 00 00 00 00 00 00 00 00 00 01 00 00 00 00 00 00	................
0370 00 00 00 00 04 00 04 00 00 00 00 00 00 00 00 00	................
0380 00 00 00 00 00 00 00 00 00 00 00 00 00 00 00 00	................
0390 00 00 00 00 00 00 00 00 00 00 00 00 00 00 00 00	................
03A0 00 00 00 00 00 00 00 00 00 00 00 00 00 00 00 00	................
03B0 00 00 00 00 00 00 00 00 00 00 00 00 00 00 00 00	................
03C0 00 00 00 00 00 00 00 00 00 00 00 00 00 00 00 00	................
03D0 00 00 00 00 00 00 00 00 00 00 00 00 00 00 00 00	................
03E0 00 00 00 00 00 00 00 00 00 00 00 00 00 00 00 00	................
03F0 00 00 00 00 00 00 00 00 00 00 00 00 00 00 00 00	................
0400 00 00 00 00 00 00 00 00 00 00 00 00 00 00 00 00	................
0410 00 00 00 00 00 00 00 00 00 00 00 00 03 00 00 00	................
0420 00 00 00 00 00 00 00 00 00 00 00 00 00 00 00 00	................
0430 00 00 00 00 00 00 00 00 00 00 00 00 00 00 00 00	................
0440 00 00 00 00 00 00 00 00 00 00 00 00 00 00 00 00	................
0450 00 00 00 00 00 00 00 00 00 00 00 00 00 00 00 00	................
0460 00 00 00 00 00 00 00 00 00 00 00 00 00 00 00 00	................
0470 00 00 00 00 00 00 00 00 00 00 00 00 00 00 00 00	................
0480 58 00 00 00 40 00 00 00 00 00 00 00 18 00 00 00	X...@...........
0490 0B 14 A0 10 FA 00 00 00 00 00 00 00 00 00 00 00	................
04A0 FA 00 7F 01 00 02 03 00 0A 01 01 00 00 00 00 00	................
04B0 09 00 10 C8 FF 00 00 00 00 00 00 00 00 00 00 00	................
04C0 00 00 00 00 00 00 00 00 00 00 00 00 00 00 00 00	................
04D0 00 00 00 00 00 00 00 00 00 00 00 00 00 00 00 00	................
04E0 00 00 00 00 00 00 00 00 00 00 00 00 00 00 00 00	................
04F0 00 00 00 00 00 00 00 00 00 00 00 00 00 00 00 00	................
0500 60 34 05 01 00 0A 00 00 00 00 00 00 10 03 00 00	`4..............
0510 1C 10 78 00 00 00 00 00 00 00 00 00 00 21 00 00	..x..........!..
0520 00 00 00 00 00 00 00 00 00 00 00 00 00 00 00 00	................
0530 00 00 00 00 19 00 2C 00 44 84 00 00 04 22 02 00	......,.D...."..
0540 8C 08 80 01 E2 01 44 01 20 F0 21 18 33 04 72 02	......D. .!.3.r.
0550 00 00 00 00 00 00 00 00 00 08 00 60 00 00 00 00	...........`....
0560 00 00 02 08 00 00 00 00 00 01 00 00 00 00 00 00	................
0570 00 00 00 00 04 00 04 00 00 00 00 00 00 00 00 00	................
0580 00 00 00 00 00 00 00 00 00 00 00 00 00 00 00 00	................
0590 00 00 00 00 00 00 00 00 00 00 00 00 00 00 00 00	................
05A0 00 00 00 00 00 00 00 00 00 00 00 00 00 00 00 00	................
05B0 00 00 00 00 00 00 00 00 00 00 00 00 00 00 00 00	................
05C0 00 00 00 00 00 00 00 00 00 00 00 00 00 00 00 00	................
05D0 00 00 00 00 00 00 00 00 00 00 00 00 00 00 00 00	................
05E0 00 00 00 00 00 00 00 00 00 00 00 00 00 00 00 00	................
05F0 00 00 00 00 00 00 00 00 00 00 00 00 00 00 00 00	................
0600 00 00 00 00 00 00 00 00 00 00 00 00 00 00 00 00	................
0610 00 00 00 00 00 00 00 00 00 00 00 00 03 00 00 00	................
0620 00 00 00 00 00 00 00 00 00 00 00 00 00 00 00 00	................
0630 00 00 00 00 00 00 00 00 00 00 00 00 00 00 00 00	................
0640 00 00 00 00 00 00 00 00 00 00 00 00 00 00 00 00	................
0650 00 00 00 00 00 00 00 00 00 00 00 00 00 00 00 00	................
0660 00 00 00 00 00 00 00 00 00 00 00 00 00 00 00 00	................
0670 00 00 00 00 00 00 00 00 00 00 00 00 00 00 00 00	................
0680 7A 00 00 00 40 00 00 00 00 00 00 00 3A 00 00 00	z...@.......:...
0690 0B 14 A0 10 FA 00 00 00 00 00 00 00 00 00 00 00	................
06A0 FA 00 7F 01 00 02 03 00 0A 01 04 00 00 00 00 00	................
06B0 09 00 00 C8 FF 00 00 00 00 00 00 00 00 00 00 00	................
06C0 00 00 00 00 00 00 00 00 00 00 00 00 00 00 00 00	................
06D0 00 00 00 00 00 00 00 00 00 00 00 00 00 00 00 00	................
06E0 00 00 00 00 00 00 00 00 00 00 00 00 00 00 00 00	................
06F0 00 00 00 00 00 00 00 00 00 00 00 00 00 00 00 00	................
0700 60 00 05 01 00 0A 00 00 00 00 00 00 10 03 00 00	`...............
0710 1C 00 30 00 00 00 00 00 00 00 00 00 00 21 00 00	..0..........!..
0720 00 00 00 00 00 00 00 00 00 00 00 00 00 00 00 00	................
0730 00 00 00 00 19 00 2C 00 44 44 00 00 04 42 06 00	......,.DD...B..
0740 8C C8 87 00 E2 01 44 01 00 F0 21 18 33 04 00 02	......D...!.3...
0750 00 00 11 00 00 00 00 00 00 08 00 60 00 00 00 00	...........`....
0760 00 00 00 00 00 00 00 00 00 01 00 00 00 00 00 00	................
0770 00 00 00 00 00 00 00 00 00 00 00 00 00 00 00 00	................
0780 00 00 00 00 00 00 00 00 00 00 00 00 00 00 00 00	................
0790 00 00 00 00 00 00 00 00 00 00 00 00 00 00 00 00	................
07A0 00 00 00 00 00 00 00 00 00 00 00 00 00 00 00 00	................
07B0 00 00 00 00 00 00 00 00 00 00 00 00 00 00 00 00	................
07C0 00 00 00 00 00 00 00 00 00 00 00 00 00 00 00 00	................
07D0 00 00 00 00 00 00 00 00 00 00 00 00 00 00 00 00	................
07E0 00 00 00 00 00 00 00 00 00 00 00 00 00 00 00 00	................
07F0 00 00 00 00 00 00 00 00 00 00 00 00 00 00 00 00	................
0800 00 00 00 00 00 00 00 00 00 00 00 00 00 00 00 00	................
0810 00 00 00 00 00 00 00 00 00 00 00 00 03 00 00 00	................
0820 00 00 00 00 00 00 00 00 00 00 00 00 00 00 00 00	................
0830 00 00 00 00 00 00 00 00 00 00 00 00 00 00 00 00	................
0840 00 00 00 00 00 00 00 00 00 00 00 00 00 00 00 00	................
0850 00 00 00 00 00 00 00 00 00 00 00 00 00 00 00 00	................
0860 00 00 00 00 00 00 00 00 00 00 00 00 00 00 00 00	................
0870 00 00 00 00 00 00 00 00 00 00 00 00 00 00 00 00	................
0880 5C 00 00 00 40 00 00 00 00 00 00 00 1C 00 00 00	\...@...........
0890 0B 14 A0 10 FA 00 00 00 00 00 00 00 00 00 00 00	................
08A0 FA 00 7F 01 00 02 03 00 0A 01 01 00 00 00 00 00	................
08B0 09 00 10 C8 FF 00 00 00 00 00 00 00 00 00 00 00	................
08C0 00 00 00 00 00 00 00 00 00 00 00 00 00 00 00 00	................
08D0 00 00 00 00 00 00 00 00 00 00 00 00 00 00 00 00	................
08E0 00 00 00 00 00 00 00 00 00 00 00 00 00 00 00 00	................
08F0 00 00 00 00 00 00 00 00 00 00 00 00 00 00 00 00	................
0900 60 34 05 01 00 0A 00 00 00 00 00 00 10 03 00 00	`4..............
0910 1C 10 78 00 00 00 00 00 00 00 00 00 00 21 00 00	..x..........!..
0920 00 00 00 00 00 00 00 00 00 00 00 00 00 00 00 00	................
0930 00 00 00 00 19 00 2C 00 44 84 00 00 04 22 02 00	......,.D...."..
0940 8C 08 80 01 E2 01 44 01 20 F0 21 18 33 04 72 02	......D. .!.3.r.
0950 00 00 00 00 00 00 00 00 00 08 00 60 00 00 00 00	...........`....
0960 00 00 01 04 00 00 00 00 00 01 00 00 00 00 00 00	................
0970 00 00 00 00 04 00 04 00 00 00 00 00 00 00 00 00	................
0980 00 00 00 00 00 00 00 00 00 00 00 00 00 00 00 00	................
0990 00 00 00 00 00 00 00 00 00 00 00 00 00 00 00 00	................
09A0 00 00 00 00 00 00 00 00 00 00 00 00 00 00 00 00	................
09B0 00 00 00 00 00 00 00 00 00 00 00 00 00 00 00 00	................
09C0 00 00 00 00 00 00 00 00 00 00 00 00 00 00 00 00	................
09D0 00 00 00 00 00 00 00 00 00 00 00 00 00 00 00 00	................
09E0 00 00 00 00 00 00 00 00 00 00 00 00 00 00 00 00	................
09F0 00 00 00 00 00 00 00 00 00 00 00 00 00 00 00 00	................
0A00 00 00 00 00 00 00 00 00 00 00 00 00 00 00 00 00	................
0A10 00 00 00 00 00 00 00 00 00 00 00 00 03 00 00 00	................
0A20 00 00 00 00 00 00 00 00 00 00 00 00 00 00 00 00	................
0A30 00 00 00 00 00 00 00 00 00 00 00 00 00 00 00 00	................
0A40 00 00 00 00 00 00 00 00 00 00 00 00 00 00 00 00	................
0A50 00 00 00 00 00 00 00 00 00 00 00 00 00 00 00 00	................
0A60 00 00 00 00 00 00 00 00 00 00 00 00 00 00 00 00	................
0A70 00 00 00 00 00 00 00 00 00 00 00 00 00 00 00 00	................
0A80 4C 00 00 00 40 00 00 00 00 00 00 00 0C 00 00 00	L...@...........
0A90 0B 14 A0 10 FA 00 00 00 00 00 00 00 00 00 00 00	................
0AA0 FA 00 7F 01 00 02 03 00 0A 01 01 00 00 00 00 00	................
0AB0 0D 00 10 C8 FF 00 00 00 00 00 00 00 00 00 00 00	................
0AC0 00 00 00 00 00 00 00 00 00 00 00 00 00 00 00 00	................
0AD0 00 00 00 00 00 00 00 00 00 00 00 00 00 00 00 00	................
0AE0 00 00 00 00 00 00 00 00 00 00 00 00 00 00 00 00	................
0AF0 00 00 00 00 00 00 00 00 00 00 00 00 00 00 00 00	................
0B00 60 34 05 01 00 0A 00 00 00 00 00 00 10 03 00 00	`4..............
0B10 1C 10 78 00 00 00 00 00 00 00 00 00 00 21 00 00	..x..........!..
0B20 00 00 00 00 00 00 00 00 00 00 00 00 00 00 00 00	................
0B30 00 00 00 00 19 00 2C 00 44 84 00 00 04 22 02 00	......,.D...."..
0B40 8C 08 80 01 E2 01 44 01 20 F0 21 18 33 04 72 02	......D. .!.3.r.
0B50 00 00 00 00 00 00 00 00 00 08 00 60 00 00 00 00	...........`....
0B60 00 00 02 08 00 00 00 00 00 01 00 00 00 00 00 00	................
0B70 00 00 00 00 04 00 04 00 00 00 00 00 00 00 00 00	................
0B80 00 00 00 00 00 00 00 00 00 00 00 00 00 00 00 00	................
0B90 00 00 00 00 00 00 00 00 00 00 00 00 00 00 00 00	................
0BA0 00 00 00 00 00 00 00 00 00 00 00 00 00 00 00 00	................
0BB0 00 00 00 00 00 00 00 00 00 00 00 00 00 00 00 00	................
0BC0 00 00 00 00 00 00 00 00 00 00 00 00 00 00 00 00	................
0BD0 00 00 00 00 00 00 00 00 00 00 00 00 00 00 00 00	................
0BE0 00 00 00 00 00 00 00 00 00 00 00 00 00 00 00 00	................
0BF0 00 00 00 00 00 00 00 00 00 00 00 00 00 00 00 00	................
0C00 00 00 00 00 00 00 00 00 00 00 00 00 00 00 00 00	................
0C10 00 00 00 00 00 00 00 00 00 00 00 00 01 00 00 00	................
0C20 00 00 00 00 00 00 00 00 00 00 00 00 00 00 00 00	................
0C30 00 00 00 00 00 00 00 00 00 00 00 00 00 00 00 00	................
0C40 00 00 00 00 00 00 00 00 00 00 00 00 00 00 00 00	................
0C50 00 00 00 00 00 00 00 00 00 00 00 00 00 00 00 00	................
0C60 00 00 00 00 00 00 00 00 00 00 00 00 00 00 00 00	................
0C70 00 00 00 00 00 00 00 00 00 00 00 00 00 00 00 00	................
0C80 00 00 00 00 40 00 00 00 00 00 00 00 22 02 00 00	....@......."...
0C90 0B 0C 00 00 FB 00 00 00 00 00 00 00 00 00 00 00	................
0CA0 FA 00 7F 01 00 02 03 00 00 00 00 00 00 00 00 00	................
0CB0 01 00 00 80 FF 00 00 00 00 00 00 00 00 00 00 00	................
0CC0 00 00 00 00 00 00 00 00 00 00 00 00 00 00 00 00	................
0CD0 00 00 00 00 00 00 00 00 00 00 00 00 00 00 00 00	................
0CE0 00 00 00 00 00 00 00 00 00 00 00 00 00 00 00 00	................
0CF0 00 00 00 00 00 00 00 00 00 00 00 00 00 00 00 00	................
0D00 20 C0 06 01 00 0A 00 00 00 00 00 00 10 03 00 00	 ...............
0D10 14 00 00 00 00 00 00 00 00 00 00 00 00 07 00 00	................
0D20 00 00 00 00 00 00 00 00 00 00 00 00 00 00 00 00	................
0D30 00 00 00 00 19 00 2C 00 44 44 00 00 04 45 08 00	......,.DD...E..
0D40 8C C8 87 00 E2 01 44 01 20 F0 21 18 33 04 72 02	......D. .!.3.r.
0D50 00 00 11 00 00 00 00 00 00 08 00 60 00 00 00 00	...........`....
0D60 00 00 50 6C 00 00 00 00 00 01 00 00 00 00 00 00	..Pl............
0D70 00 00 00 00 00 00 00 00 00 00 00 00 00 00 00 00	................
0D80 00 00 00 00 00 00 00 00 00 00 00 00 00 00 00 00	................
0D90 00 00 00 00 00 00 00 00 00 00 00 00 00 00 00 00	................
0DA0 00 00 00 00 00 00 00 00 00 00 00 00 00 00 00 00	................
0DB0 00 00 00 00 00 00 00 00 00 00 00 00 00 00 00 00	................
0DC0 00 00 00 00 00 00 00 00 00 00 00 00 00 00 00 00	................
0DD0 00 00 00 00 00 00 00 00 00 00 00 00 00 00 00 00	................
0DE0 00 00 00 00 00 00 00 00 00 00 00 00 00 00 00 00	................
0DF0 00 00 00 00 00 00 00 00 00 00 00 00 00 00 00 00	................
0E00 00 00 00 00 00 00 00 00 00 00 00 00 00 00 00 00	................
0E10 00 00 00 00 00 00 00 00 00 00 00 00 01 00 00 00	................
0E20 00 00 00 00 00 00 00 00 00 00 00 00 00 00 00 00	................
0E30 00 00 00 00 00 00 00 00 00 00 00 00 00 00 00 00	................
0E40 00 00 00 00 00 00 00 00 00 00 00 00 00 00 00 00	................
0E50 00 00 00 00 00 00 00 00 00 00 00 00 00 00 00 00	................
0E60 00 00 00 00 00 00 00 00 00 00 00 00 00 00 00 00	................
0E70 00 00 00 00 00 00 00 00 00 00 00 00 00 00 00 00	................
0E80 50 00 00 00 40 00 00 00 00 00 00 00 10 00 00 00	P...@...........
0E90 0B 14 A0 10 FA 00 00 00 00 00 00 00 00 00 00 00	................
0EA0 FA 00 7F 01 00 02 03 00 0A 01 01 00 00 00 00 00	................
0EB0 01 00 00 80 FF 00 00 00 00 00 00 00 00 00 00 00	................
0EC0 00 00 00 00 00 00 00 00 00 00 00 00 00 00 00 00	................
0ED0 00 00 00 00 00 00 00 00 00 00 00 00 00 00 00 00	................
0EE0 00 00 00 00 00 00 00 00 00 00 00 00 00 00 00 00	................
0EF0 00 00 00 00 00 00 00 00 00 00 00 00 00 00 00 00	................
0F00 60 34 05 01 00 0A 00 00 00 00 00 00 10 03 00 00	`4..............
0F10 1C 10 78 00 00 00 00 00 00 00 00 00 00 07 00 00	..x.............
0F20 00 00 00 00 00 00 00 00 00 00 00 00 00 00 00 00	................
0F30 00 00 00 00 19 00 2C 00 44 84 00 00 04 22 02 00	......,.D...."..
0F40 8C 08 80 01 E2 01 44 01 20 F0 21 18 33 04 72 02	......D. .!.3.r.
0F50 00 00 00 00 00 00 00 00 00 08 00 60 00 00 00 00	...........`....
0F60 00 00 01 04 00 00 00 00 00 01 00 00 00 00 00 00	................
0F70 00 00 00 00 00 00 00 00 00 00 00 00 00 00 00 00	................
0F80 00 00 00 00 00 00 00 00 00 00 00 00 00 00 00 00	................
0F90 00 00 00 00 00 00 00 00 00 00 00 00 00 00 00 00	................
0FA0 00 00 00 00 00 00 00 00 00 00 00 00 00 00 00 00	................
0FB0 00 00 00 00 00 00 00 00 00 00 00 00 00 00 00 00	................
0FC0 00 00 00 00 00 00 00 00 00 00 00 00 00 00 00 00	................
0FD0 00 00 00 00 00 00 00 00 00 00 00 00 00 00 00 00	................
0FE0 00 00 00 00 00 00 00 00 00 00 00 00 00 00 00 00	................
0FF0 00 00 00 00 00 00 00 00 00 00 00 00 00 00 00 00	................
1000 00 00 00 00 00 00 00 00 00 00 00 00 00 00 00 00	................
1010 00 00 00 00 00 00 00 00 00 00 00 00 01 00 00 00	................
1020 00 00 00 00 00 00 00 00 00 00 00 00 00 00 00 00	................
1030 00 00 00 00 00 00 00 00 00 00 00 00 00 00 00 00	................
1040 00 00 00 00 00 00 00 00 00 00 00 00 00 00 00 00	................
1050 00 00 00 00 00 00 00 00 00 00 00 00 00 00 00 00	................
1060 00 00 00 00 00 00 00 00 00 00 00 00 00 00 00 00	................
1070 00 00 00 00 00 00 00 00 00 00 00 00 00 00 00 00	................
1080 58 00 00 00 40 00 00 00 00 00 00 00 18 00 00 00	X...@...........
1090 0B 14 A0 10 FA 00 00 00 00 00 00 00 00 00 00 00	................
10A0 FA 00 7F 01 00 02 03 00 0A 01 01 00 00 00 00 00	................
10B0 01 00 00 80 FF 00 00 00 00 00 00 00 00 00 00 00	................
10C0 00 00 00 00 00 00 00 00 00 00 00 00 00 00 00 00	................
10D0 00 00 00 00 00 00 00 00 00 00 00 00 00 00 00 00	................
10E0 00 00 00 00 00 00 00 00 00 00 00 00 00 00 00 00	................
10F0 00 00 00 00 00 00 00 00 00 00 00 00 00 00 00 00	................
1100 60 34 05 01 00 0A 00 00 00 00 00 00 10 03 00 00	`4..............
1110 1C 10 78 00 00 00 00 00 00 00 00 00 00 07 00 00	..x.............
1120 00 00 00 00 00 00 00 00 00 00 00 00 00 00 00 00	................
1130 00 00 00 00 19 00 2C 00 44 84 00 00 04 22 02 00	......,.D...."..
1140 8C 08 80 01 E2 01 44 01 20 F0 21 18 33 04 72 02	......D. .!.3.r.
1150 00 00 00 00 00 00 00 00 00 08 00 60 00 00 00 00	...........`....
1160 00 00 02 08 00 00 00 00 00 01 00 00 00 00 00 00	................
1170 00 00 00 00 04 00 04 00 00 00 00 00 00 00 00 00	................
1180 00 00 00 00 00 00 00 00 00 00 00 00 00 00 00 00	................
1190 00 00 00 00 00 00 00 00 00 00 00 00 00 00 00 00	................
11A0 00 00 00 00 00 00 00 00 00 00 00 00 00 00 00 00	................
11B0 00 00 00 00 00 00 00 00 00 00 00 00 00 00 00 00	................
11C0 00 00 00 00 00 00 00 00 00 00 00 00 00 00 00 00	................
11D0 00 00 00 00 00 00 00 00 00 00 00 00 00 00 00 00	................
11E0 00 00 00 00 00 00 00 00 00 00 00 00 00 00 00 00	................
11F0 00 00 00 00 00 00 00 00 00 00 00 00 00 00 00 00	................
1200 00 00 00 00 00 00 00 00 00 00 00 00 00 00 00 00	................
1210 00 00 00 00 00 00 00 00 00 00 00 00 01 00 00 00	................
1220 00 00 00 00 00 00 00 00 00 00 00 00 00 00 00 00	................
1230 00 00 00 00 00 00 00 00 00 00 00 00 00 00 00 00	................
1240 00 00 00 00 00 00 00 00 00 00 00 00 00 00 00 00	................
1250 00 00 00 00 00 00 00 00 00 00 00 00 00 00 00 00	................
1260 00 00 00 00 00 00 00 00 00 00 00 00 00 00 00 00	................
1270 00 00 00 00 00 00 00 00 00 00 00 00 00 00 00 00	................
1280 6A 00 00 00 40 00 00 00 00 00 00 00 3A 00 00 00	j...@.......:...
1290 0B 14 A0 10 FA 00 00 00 00 00 00 00 00 00 00 00	................
12A0 FA 00 7F 01 00 02 03 00 0A 01 04 00 00 00 00 00	................
12B0 01 00 00 80 FF 00 00 00 00 00 00 00 00 00 00 00	................
12C0 00 00 00 00 00 00 00 00 00 00 00 00 00 00 00 00	................
12D0 00 00 00 00 00 00 00 00 00 00 00 00 00 00 00 00	................
12E0 00 00 00 00 00 00 00 00 00 00 00 00 00 00 00 00	................
12F0 00 00 00 00 00 00 00 00 00 00 00 00 00 00 00 00	................
1300 60 00 05 01 00 0A 00 00 00 00 00 00 10 03 00 00	`...............
1310 1C 00 30 00 00 00 00 00 00 00 00 00 00 07 00 00	..0.............
1320 00 00 00 00 00 00 00 00 00 00 00 00 00 00 00 00	................
1330 00 00 00 00 19 00 2C 00 44 84 00 00 04 22 02 00	......,.D...."..
1340 8C C8 87 00 E2 01 44 01 00 F0 21 18 33 04 00 02	......D...!.3...
1350 00 00 11 00 00 00 00 00 00 08 00 60 00 00 00 00	...........`....
1360 00 00 01 04 00 00 00 00 00 01 00 00 00 00 00 00	................
1370 00 00 00 00 00 00 00 00 00 00 00 00 00 00 00 00	................
1380 00 00 00 00 00 00 00 00 00 00 00 00 00 00 00 00	................
1390 00 00 00 00 00 00 00 00 00 00 00 00 00 00 00 00	................
13A0 00 00 00 00 00 00 00 00 00 00 00 00 00 00 00 00	................
13B0 00 00 00 00 00 00 00 00 00 00 00 00 00 00 00 00	................
13C0 00 00 00 00 00 00 00 00 00 00 00 00 00 00 00 00	................
13D0 00 00 00 00 00 00 00 00 00 00 00 00 00 00 00 00	................
13E0 00 00 00 00 00 00 00 00 00 00 00 00 00 00 00 00	................
13F0 00 00 00 00 00 00 00 00 00 00 00 00 00 00 00 00	................
1400 00 00 00 00 00 00 00 00 00 00 00 00 00 00 00 00	................
1410 00 00 00 00 00 00 00 00 00 00 00 00 01 00 00 00	................
1420 00 00 00 00 00 00 00 00 00 00 00 00 00 00 00 00	................
1430 00 00 00 00 00 00 00 00 00 00 00 00 00 00 00 00	................
1440 00 00 00 00 00 00 00 00 00 00 00 00 00 00 00 00	................
1450 00 00 00 00 00 00 00 00 00 00 00 00 00 00 00 00	................
1460 00 00 00 00 00 00 00 00 00 00 00 00 00 00 00 00	................
1470 00 00 00 00 00 00 00 00 00 00 00 00 00 00 00 00	................
1480 50 00 00 00 40 00 00 00 00 00 00 00 1C 00 00 00	P...@...........
1490 0B 34 A0 10 FA 00 00 00 00 00 00 00 00 00 00 00	.4..............
14A0 FA 00 7F 01 00 02 03 00 0A 01 01 00 00 00 00 00	................
14B0 01 00 00 80 FF 00 00 00 00 00 00 00 00 00 00 00	................
14C0 00 00 00 00 00 00 00 00 00 00 00 00 00 00 00 00	................
14D0 00 00 00 00 00 00 00 00 00 00 00 00 00 00 00 00	................
14E0 00 00 00 00 00 00 00 00 00 00 00 00 00 00 00 00	................
14F0 00 00 00 00 00 00 00 00 00 00 00 00 00 00 00 00	................
1500 60 34 05 01 00 0A 00 00 00 00 00 00 10 03 00 00	`4..............
1510 1C 10 78 00 00 00 00 00 00 00 00 00 00 07 00 00	..x.............
1520 00 00 00 00 00 00 00 00 00 00 00 00 00 00 00 00	................
1530 00 00 00 00 19 00 2C 00 44 84 00 00 04 22 02 00	......,.D...."..
1540 8C 08 80 01 E2 01 44 01 20 F0 21 18 33 04 72 02	......D. .!.3.r.
1550 00 00 00 00 00 00 00 00 00 08 00 60 00 00 00 00	...........`....
1560 00 00 10 7C 00 00 00 00 00 01 00 00 00 00 00 00	...|............
1570 00 00 00 00 04 00 04 00 00 00 00 00 00 00 00 00	................
1580 00 00 00 00 00 00 00 00 00 00 00 00 00 00 00 00	................
1590 00 00 00 00 00 00 00 00 00 00 00 00 00 00 00 00	................
15A0 00 00 00 00 00 00 00 00 00 00 00 00 00 00 00 00	................
15B0 00 00 00 00 00 00 00 00 00 00 00 00 00 00 00 00	................
15C0 00 00 00 00 00 00 00 00 00 00 00 00 00 00 00 00	................
15D0 00 00 00 00 00 00 00 00 00 00 00 00 00 00 00 00	................
15E0 00 00 00 00 00 00 00 00 00 00 00 00 00 00 00 00	................
15F0 00 00 00 00 00 00 00 00 00 00 00 00 00 00 00 00	................
1600 00 00 00 00 00 00 00 00 00 00 00 00 00 00 00 00	................
1610 00 00 00 00 00 00 00 00 00 00 00 00 01 00 00 00	................
1620 00 00 00 00 00 00 00 00 00 00 00 00 00 00 00 00	................
1630 00 00 00 00 00 00 00 00 00 00 00 00 00 00 00 00	................
1640 00 00 00 00 00 00 00 00 00 00 00 00 00 00 00 00	................
1650 00 00 00 00 00 00 00 00 00 00 00 00 00 00 00 00	................
1660 00 00 00 00 00 00 00 00 00 00 00 00 00 00 00 00	................
1670 00 00 00 00 00 00 00 00 00 00 00 00 00 00 00 00	................
1680 58 00 00 00 40 00 00 00 00 00 00 00 0C 00 00 00	X...@...........
1690 0B 34 A0 10 FA 00 00 00 00 00 00 00 00 00 00 00	.4..............
16A0 FA 00 7F 01 00 02 03 00 0A 01 01 00 00 00 00 00	................
16B0 01 00 00 80 FF 00 00 00 00 00 00 00 00 00 00 00	................
16C0 00 00 00 00 00 00 00 00 00 00 00 00 00 00 00 00	................
16D0 00 00 00 00 00 00 00 00 00 00 00 00 00 00 00 00	................
16E0 00 00 00 00 00 00 00 00 00 00 00 00 00 00 00 00	................
16F0 00 00 00 00 00 00 00 00 00 00 00 00 00 00 00 00	................
1700 60 34 05 01 00 0A 00 00 00 00 00 00 10 03 00 00	`4..............
1710 1C 10 78 00 00 00 00 00 00 00 00 00 00 07 00 00	..x.............
1720 00 00 00 00 00 00 00 00 00 00 00 00 00 00 00 00	................
1730 00 00 00 00 19 00 2C 00 44 84 00 00 04 22 02 00	......,.D...."..
1740 8C 08 80 01 E2 01 44 01 20 F0 21 18 33 04 72 02	......D. .!.3.r.
1750 00 00 00 00 00 00 00 00 00 08 00 60 00 00 00 00	...........`....
1760 00 00 00 00 00 00 00 00 00 01 00 00 00 00 00 00	................
1770 00 00 00 00 04 00 04 00 00 00 00 00 00 00 00 00	................
1780 00 00 00 00 00 00 00 00 00 00 00 00 00 00 00 00	................
1790 00 00 00 00 00 00 00 00 00 00 00 00 00 00 00 00	................
17A0 00 00 00 00 00 00 00 00 00 00 00 00 00 00 00 00	................
17B0 00 00 00 00 00 00 00 00 00 00 00 00 00 00 00 00	................
17C0 00 00 00 00 00 00 00 00 00 00 00 00 00 00 00 00	................
17D0 00 00 00 00 00 00 00 00 00 00 00 00 00 00 00 00	................
17E0 00 00 00 00 00 00 00 00 00 00 00 00 00 00 00 00	................
17F0 00 00 00 00 00 00 00 00 00 00 00 00 00 00 00 00	................
1800 00 00 00 00 00 00 00 00 00 00 00 00 00 00 00 00	................
1810 00 00 00 00 00 00 00 00 00 00 00 00 01 00 00 00	................
1820 00 00 00 00 00 00 00 00 00 00 00 00 00 00 00 00	................
1830 00 00 00 00 00 00 00 00 00 00 00 00 00 00 00 00	................
1840 00 00 00 00 00 00 00 00 00 00 00 00 00 00 00 00	................
1850 00 00 00 00 00 00 00 00 00 00 00 00 00 00 00 00	................
1860 00 00 00 00 00 00 00 00 00 00 00 00 00 00 00 00	................
1870 00 00 00 00 00 00 00 00 00 00 00 00 00 00 00 00	................
1880 6A 00 00 00 40 00 00 00 00 00 00 00 22 02 00 00	j...@......."...
1890 0B 04 A0 10 FA 00 00 00 00 00 00 00 00 00 00 00	................
18A0 FA 00 7F 01 00 02 03 00 0A 01 04 00 00 00 00 00	................
18B0 01 00 00 80 FF 00 00 00 00 00 00 00 00 00 00 00	................
18C0 00 00 00 00 00 00 00 00 00 00 00 00 00 00 00 00	................
18D0 00 00 00 00 00 00 00 00 00 00 00 00 00 00 00 00	................
18E0 00 00 00 00 00 00 00 00 00 00 00 00 00 00 00 00	................
18F0 00 00 00 00 00 00 00 00 00 00 00 00 00 00 00 00	................
1900 60 00 05 01 00 0A 00 00 00 00 00 00 10 03 00 00	`...............
1910 1C 00 30 00 00 00 00 00 00 00 00 00 00 07 00 00	..0.............
1920 00 00 00 00 00 00 00 00 00 00 00 00 00 00 00 00	................
1930 00 00 00 00 19 00 2C 00 44 44 00 00 04 42 06 00	......,.DD...B..
1940 8C C8 87 00 E2 01 44 01 00 F0 21 18 33 04 00 02	......D...!.3...
1950 00 00 11 00 00 00 00 00 00 08 00 60 00 00 00 00	...........`....

